9|Bread|2022-9-10|5|100|30|1|
3|面包3|2022-6-7|10|100|29.9|1|
3|面包3|2022-6-7|10|100|29.9|1|
3|面包3|2022-6-7|10|100|29.9|1|
3|面包3|2022-6-7|10|100|29.9|1|
3|面包3|2022-6-11|10|100|29.9|1|
3|面包3|2022-6-11|10|100|29.9|1|
3|面包3|2022-6-18|10|100|29.9|1|
3|面包3|2022-6-18|10|100|29.9|1|
3|面包3|2022-6-18|10|100|29.9|1|
6|法式长棍|2022-6-7|10|150|15.9|1|
6|法式长棍|2022-6-7|10|150|15.9|1|
2|面包2|2022-6-7|10|100|19.9|1|
2|面包2|2022-6-7|10|100|19.9|1|
2|面包2|2022-6-7|10|100|19.9|1|
2|面包2|2022-6-7|10|100|19.9|1|
2|面包2|2022-6-7|10|100|19.9|1|
2|面包2|2022-6-7|10|100|19.9|1|
2|面包2|2022-6-8|10|100|19.9|1|
2|面包2|2022-6-8|10|100|19.9|1|
1|Tets|2022-3-4|10|100|19.1|0.9|
5|切片面包|2022-6-7|10|50|29.9|1|
5|切片面包|2022-6-7|10|50|29.9|1|
5|切片面包|2022-6-7|10|50|29.9|1|
5|切片面包|2022-6-7|10|50|29.9|1|
5|切片面包|2022-6-7|10|50|29.9|1|
5|切片面包|2022-6-7|10|50|29.9|1|
1|面包|2022-6-7|10|100|9.9|1|
1|面包|2022-6-7|10|100|9.9|1|
1|面包|2022-6-7|10|100|9.9|1|
1|面包|2022-6-7|10|100|9.9|1|
1|面包|2022-6-9|10|100|9.9|1|
1|面包|2022-6-9|10|100|9.9|1|
1|面包|2022-6-10|10|100|9.9|1|
1|面包|2022-6-10|10|100|9.9|1|
4|曲奇|2022-6-7|10|100|9.9|1|
4|曲奇|2022-6-7|10|100|9.9|1|
10|HelloWorld|1999-9-9|100|100|0.9|1|
